t,tempA_mod,tempB_mod
0,61,15.5
10.9437,60.7336,15.3692
21.8874,60.4683,15.2396
32.8311,60.2042,15.1112
43.7748,59.9412,14.9838
54.7185,59.6794,14.8575
65.6622,59.4187,14.7324
76.6059,59.1592,14.6083
87.5496,58.9008,14.4854
98.4933,58.6435,14.3634
109.437,58.3873,14.2426
120.381,58.1323,14.1228
131.324,57.8784,14.0041
142.268,57.6256,13.8864
153.212,57.3739,13.7697
164.156,57.1233,13.654
175.099,56.8738,13.5393
186.043,56.6253,13.4257
196.987,56.378,13.313
207.93,56.1318,13.2013
218.874,55.8866,13.0906
229.818,55.6425,12.9809
240.761,55.3994,12.8721
251.705,55.1575,12.7642
262.649,54.9165,12.6573
273.593,54.6767,12.5513
284.536,54.4378,12.4463
295.48,54.2001,12.3422
306.424,53.9633,12.2389
317.367,53.7276,12.1366
328.311,53.4929,12.0352
339.255,53.2593,11.9346
350.198,53.0266,11.835
361.142,52.795,11.7362
372.086,52.5644,11.6382
383.03,52.3348,11.5411
393.973,52.1062,11.4449
404.917,51.8786,11.3495
415.861,51.652,11.2549
426.804,51.4264,11.1612
437.748,51.2018,11.0682
448.692,50.9782,10.9761
459.635,50.7555,10.8848
470.579,50.5338,10.7943
481.523,50.3131,10.7045
492.467,50.0933,10.6156
503.41,49.8745,10.5274
514.354,49.6566,10.44
525.298,49.4398,10.3534
536.241,49.2238,10.2675
547.185,49.0088,10.1823
558.129,48.7947,10.0979
569.072,48.5816,10.0143
580.016,48.3694,9.93133
590.96,48.1581,9.84912
601.904,47.9478,9.76763
612.847,47.7383,9.68684
623.791,47.5298,9.60676
634.735,47.3222,9.52738
645.678,47.1155,9.44869
656.622,46.9097,9.37069
667.566,46.7048,9.29337
678.509,46.5008,9.21672
689.453,46.2977,9.14074
700.397,46.0955,9.06542
711.341,45.8942,8.99075
722.284,45.6937,8.91674
733.228,45.4941,8.84338
744.172,45.2954,8.77065
755.115,45.0975,8.69856
766.059,44.9006,8.62709
777.003,44.7044,8.55625
787.946,44.5092,8.48602
798.89,44.3148,8.41641
809.834,44.1212,8.34741
820.778,43.9285,8.279
831.721,43.7366,8.2112
842.665,43.5456,8.14398
853.609,43.3554,8.07735
864.552,43.166,8.0113
875.496,42.9774,7.94582
886.44,42.7897,7.88092
897.383,42.6028,7.81658
908.327,42.4167,7.75281
919.271,42.2315,7.68959
930.215,42.047,7.62692
941.158,41.8633,7.56479
952.102,41.6805,7.50321
963.046,41.4984,7.44217
973.989,41.3172,7.38165
984.933,41.1367,7.32167
995.877,40.957,7.2622
1006.82,40.7781,7.20326
1017.76,40.6,7.14483
1028.71,40.4227,7.08691
1039.65,40.2461,7.02949
1050.6,40.0703,6.97258
1061.54,39.8953,6.91616
1072.48,39.721,6.86023
1083.43,39.5475,6.80479
1094.37,39.3748,6.74983
1105.31,39.2028,6.69535
1116.26,39.0316,6.64135
1127.2,38.8611,6.58782
1138.14,38.6913,6.53475
1149.09,38.5223,6.48215
1160.03,38.3541,6.43
1170.98,38.1866,6.37831
1181.92,38.0198,6.32707
1192.86,37.8537,6.27628
1203.81,37.6884,6.22593
1214.75,37.5237,6.17602
1225.69,37.3598,6.12654
1236.64,37.1966,6.07749
1247.58,37.0342,6.02888
1258.53,36.8724,5.98068
1269.47,36.7114,5.93291
1280.41,36.551,5.88555
1291.36,36.3914,5.83861
1302.3,36.2324,5.79207
1313.24,36.0741,5.74594
1324.19,35.9166,5.70022
1335.13,35.7597,5.65489
1346.08,35.6035,5.60995
1357.02,35.448,5.56541
1367.96,35.2931,5.52126
1378.91,35.139,5.47749
1389.85,34.9855,5.4341
1400.79,34.8327,5.39109
1411.74,34.6805,5.34846
1422.68,34.5291,5.30619
1433.62,34.3782,5.2643
1444.57,34.2281,5.22277
1455.51,34.0786,5.1816
1466.46,33.9297,5.14079
1477.4,33.7815,5.10034
1488.34,33.634,5.06024
1499.29,33.4871,5.02049
1510.23,33.3408,4.98109
1521.17,33.1952,4.94203
1532.12,33.0502,4.90331
1543.06,32.9058,4.86492
1554.01,32.7621,4.82688
1564.95,32.619,4.78916
1575.89,32.4765,4.75177
1586.84,32.3346,4.71471
1597.78,32.1934,4.67797
1608.72,32.0528,4.64155
1619.67,31.9128,4.60545
1630.61,31.7734,4.56967
1641.56,31.6346,4.53419
1652.5,31.4964,4.49903
1663.44,31.3589,4.46417
1674.39,31.2219,4.42961
1685.33,31.0855,4.39536
1696.27,30.9497,4.36141
1707.22,30.8146,4.32775
1718.16,30.68,4.29438
1729.1,30.5459,4.26131
1740.05,30.4125,4.22852
1750.99,30.2797,4.19602
1761.94,30.1474,4.1638
1772.88,30.0157,4.13187
1783.82,29.8846,4.10021
1794.77,29.7541,4.06883
1805.71,29.6241,4.03772
1816.65,29.4947,4.00688
1827.6,29.3659,3.97631
1838.54,29.2376,3.94601
1849.49,29.1099,3.91597
1860.43,28.9828,3.8862
1871.37,28.8562,3.85668
1882.32,28.7302,3.82742
1893.26,28.6047,3.79842
1904.2,28.4797,3.76966
1915.15,28.3553,3.74116
1926.09,28.2315,3.71291
1937.03,28.1082,3.6849
1947.98,27.9854,3.65714
1958.92,27.8631,3.62962
1969.87,27.7414,3.60234
1980.81,27.6203,3.5753
1991.75,27.4996,3.54849
2002.7,27.3795,3.52192
2013.64,27.2599,3.49558
2024.58,27.1409,3.46947
2035.53,27.0223,3.44358
2046.47,26.9043,3.41792
2057.42,26.7868,3.39249
2068.36,26.6698,3.36728
2079.3,26.5533,3.34228
2090.25,26.4373,3.31751
2101.19,26.3218,3.29295
2112.13,26.2068,3.2686
2123.08,26.0924,3.24447
2134.02,25.9784,3.22055
2144.97,25.8649,3.19683
2155.91,25.7519,3.17333
2166.85,25.6395,3.15002
2177.8,25.5275,3.12692
2188.74,25.416,3.10402
2199.68,25.305,3.08133
2210.63,25.1944,3.05883
2221.57,25.0844,3.03652
2232.51,24.9748,3.01441
2243.46,24.8657,2.99249
2254.4,24.7571,2.97077
2265.35,24.649,2.94923
2276.29,24.5413,2.92788
2287.23,24.4341,2.90672
2298.18,24.3274,2.88574
2309.12,24.2211,2.86494
2320.06,24.1153,2.84433
2331.01,24.01,2.82389
2341.95,23.9051,2.80364
2352.9,23.8007,2.78356
2363.84,23.6968,2.76365
2374.78,23.5933,2.74392
2385.73,23.4902,2.72436
2396.67,23.3876,2.70497
2407.61,23.2854,2.68575
2418.56,23.1837,2.6667
2429.5,23.0825,2.64781
2440.45,22.9816,2.62909
2451.39,22.8813,2.61053
2462.33,22.7813,2.59213
2473.28,22.6818,2.5739
2484.22,22.5827,2.55582
2495.16,22.4841,2.5379
2506.11,22.3859,2.52014
2517.05,22.2881,2.50253
2527.99,22.1908,2.48507
2538.94,22.0938,2.46777
2549.88,21.9973,2.45061
2560.83,21.9012,2.43361
2571.77,21.8056,2.41676
2582.71,21.7103,2.40005
2593.66,21.6155,2.38349
2604.6,21.5211,2.36707
2615.54,21.4271,2.35079
2626.49,21.3335,2.33466
2637.43,21.2403,2.31867
2648.38,21.1475,2.30282
2659.32,21.0552,2.2871
2670.26,20.9632,2.27152
2681.21,20.8716,2.25608
2692.15,20.7805,2.24077
2703.09,20.6897,2.2256
2714.04,20.5993,2.21056
2724.98,20.5094,2.19565
2735.93,20.4198,2.18087
2746.87,20.3306,2.16622
2757.81,20.2418,2.15169
2768.76,20.1534,2.13729
2779.7,20.0653,2.12302
2790.64,19.9777,2.10888
2801.59,19.8904,2.09485
2812.53,19.8036,2.08095
2823.47,19.7171,2.06717
2834.42,19.6309,2.05351
2845.36,19.5452,2.03997
2856.31,19.4598,2.02654
2867.25,19.3748,2.01324
2878.19,19.2902,2.00005
2889.14,19.2059,1.98697
2900.08,19.122,1.97401
2911.02,19.0385,1.96116
2921.97,18.9554,1.94842
2932.91,18.8726,1.9358
2943.86,18.7901,1.92328
2954.8,18.7081,1.91088
2965.74,18.6263,1.89858
2976.69,18.545,1.88639
2987.63,18.464,1.8743
2998.57,18.3833,1.86232
3009.52,18.303,1.85045
3020.46,18.2231,1.83868
3031.4,18.1435,1.82701
3042.35,18.0642,1.81544
3053.29,17.9853,1.80397
3064.24,17.9068,1.79261
3075.18,17.8286,1.78134
3086.12,17.7507,1.77017
3097.07,17.6732,1.7591
3108.01,17.596,1.74812
3118.95,17.5191,1.73724
3129.9,17.4426,1.72646
3140.84,17.3664,1.71577
3151.79,17.2905,1.70517
3162.73,17.215,1.69467
3173.67,17.1398,1.68425
3184.62,17.065,1.67393
3195.56,16.9904,1.6637
3206.5,16.9162,1.65355
3217.45,16.8423,1.6435
3228.39,16.7688,1.63353
3239.34,16.6955,1.62365
3250.28,16.6226,1.61386
3261.22,16.55,1.60415
3272.17,16.4777,1.59452
3283.11,16.4057,1.58498
3294.05,16.3341,1.57552
3305,16.2627,1.56615
3315.94,16.1917,1.55685
3326.88,16.121,1.54764
3337.83,16.0505,1.53851
3348.77,15.9804,1.52946
3359.72,15.9106,1.52048
3370.66,15.8411,1.51159
3381.6,15.7719,1.50277
3392.55,15.7031,1.49403
3403.49,15.6345,1.48537
3414.43,15.5662,1.47678
3425.38,15.4982,1.46826
3436.32,15.4305,1.45982
3447.27,15.3631,1.45146
3458.21,15.296,1.44316
3469.15,15.2292,1.43494
3480.1,15.1627,1.42679
3491.04,15.0964,1.41871
3501.98,15.0305,1.4107
3512.93,14.9648,1.40277
3523.87,14.8995,1.3949
3534.82,14.8344,1.3871
3545.76,14.7696,1.37936
3556.7,14.7051,1.3717
3567.65,14.6408,1.3641
3578.59,14.5769,1.35657
3589.53,14.5132,1.3491
3600.48,14.4498,1.3417
3611.42,14.3867,1.33436
3622.36,14.3239,1.32709
3633.31,14.2613,1.31988
3644.25,14.199,1.31273
3655.2,14.137,1.30565
3666.14,14.0753,1.29863
3677.08,14.0138,1.29167
3688.03,13.9526,1.28476
3698.97,13.8916,1.27792
3709.91,13.8309,1.27114
3720.86,13.7705,1.26442
3731.8,13.7104,1.25776
3742.75,13.6505,1.25115
3753.69,13.5909,1.24461
3764.63,13.5315,1.23811
3775.58,13.4724,1.23168
3786.52,13.4136,1.2253
3797.46,13.355,1.21898
3808.41,13.2966,1.21271
3819.35,13.2386,1.2065
3830.3,13.1807,1.20034
3841.24,13.1232,1.19424
3852.18,13.0658,1.18819
3863.13,13.0088,1.18219
3874.07,12.9519,1.17624
3885.01,12.8954,1.17035
3895.96,12.839,1.1645
3906.9,12.783,1.15871
3917.84,12.7271,1.15297
3928.79,12.6715,1.14728
3939.73,12.6162,1.14164
3950.68,12.5611,1.13604
3961.62,12.5062,1.1305
3972.56,12.4516,1.125
3983.51,12.3972,1.11955
3994.45,12.3431,1.11415
4005.39,12.2891,1.1088
4016.34,12.2355,1.10349
4027.28,12.182,1.09823
4038.23,12.1288,1.09302
4049.17,12.0758,1.08785
4060.11,12.0231,1.08272
4071.06,11.9706,1.07765
4082,11.9183,1.07261
4092.94,11.8662,1.06762
4103.89,11.8144,1.06267
4114.83,11.7628,1.05777
4125.77,11.7114,1.0529
4136.72,11.6603,1.04809
4147.66,11.6093,1.04331
4158.61,11.5586,1.03857
4169.55,11.5081,1.03388
4180.49,11.4579,1.02922
4191.44,11.4078,1.02461
4202.38,11.358,1.02004
4213.32,11.3084,1.0155
4224.27,11.259,1.01101
4235.21,11.2098,1.00656
4246.16,11.1608,1.00214
4257.1,11.1121,0.997764
4268.04,11.0636,0.993425
4278.99,11.0152,0.989124
4289.93,10.9671,0.98486
4300.87,10.9192,0.980634
4311.82,10.8715,0.976444
4322.76,10.824,0.972291
4333.71,10.7768,0.968175
4344.65,10.7297,0.964094
4355.59,10.6828,0.960048
4366.54,10.6362,0.956038
4377.48,10.5897,0.952063
4388.42,10.5434,0.948122
4399.37,10.4974,0.944216
4410.31,10.4515,0.940344
4421.25,10.4059,0.936506
4432.2,10.3604,0.932701
4443.14,10.3152,0.928929
4454.09,10.2701,0.92519
4465.03,10.2253,0.921484
4475.97,10.1806,0.91781
4486.92,10.1361,0.914168
4497.86,10.0919,0.910558
4508.8,10.0478,0.906979
4519.75,10.0039,0.903432
4530.69,9.9602,0.899915
4541.64,9.91669,0.896429
4552.58,9.87338,0.892973
4563.52,9.83025,0.889548
4574.47,9.78732,0.886152
4585.41,9.74457,0.882786
4596.35,9.702,0.87945
4607.3,9.65962,0.876142
4618.24,9.61743,0.872863
4629.19,9.57542,0.869613
4640.13,9.5336,0.866392
4651.07,9.49196,0.863198
4662.02,9.4505,0.860032
4672.96,9.40922,0.856894
4683.9,9.36812,0.853783
4694.85,9.3272,0.850699
4705.79,9.28646,0.847642
4716.73,9.2459,0.844612
4727.68,9.20551,0.841608
4738.62,9.1653,0.83863
4749.57,9.12527,0.835678
4760.51,9.08541,0.832752
4771.45,9.04573,0.829852
4782.4,9.00622,0.826976
4793.34,8.96688,0.824126
4804.28,8.92771,0.821301
4815.23,8.88872,0.8185
4826.17,8.84989,0.815724
4837.12,8.81124,0.812972
4848.06,8.77275,0.810244
4859,8.73443,0.807539
4869.95,8.69628,0.804859
4880.89,8.65829,0.802201
4891.83,8.62048,0.799567
4902.78,8.58282,0.796956
4913.72,8.54533,0.794367
4924.67,8.50801,0.791801
4935.61,8.47085,0.789258
4946.55,8.43385,0.786736
4957.5,8.39701,0.784237
4968.44,8.36033,0.781759
4979.38,8.32381,0.779303
4990.33,8.28746,0.776869
5001.27,8.25126,0.774455
5012.21,8.21522,0.772063
5023.16,8.17933,0.769692
5034.1,8.14361,0.767341
5045.05,8.10804,0.76501
5055.99,8.07262,0.7627
5066.93,8.03736,0.76041
5077.88,8.00225,0.758141
5088.82,7.9673,0.75589
5099.76,7.9325,0.75366
5110.71,7.89785,0.751449
5121.65,7.86335,0.749257
5132.6,7.82901,0.747084
5143.54,7.79481,0.74493
5154.48,7.76076,0.742795
5165.43,7.72687,0.740679
5176.37,7.69312,0.738581
5187.31,7.65951,0.736501
5198.26,7.62606,0.73444
5209.2,7.59275,0.732396
5220.14,7.55958,0.730371
5231.09,7.52656,0.728363
5242.03,7.49369,0.726372
5252.98,7.46096,0.724399
5263.92,7.42837,0.722443
5274.86,7.39592,0.720504
5285.81,7.36362,0.718582
5296.75,7.33145,0.716676
5307.69,7.29943,0.714788
5318.64,7.26755,0.712915
5329.58,7.2358,0.711059
5340.53,7.2042,0.70922
5351.47,7.17273,0.707396
5362.41,7.1414,0.705588
5373.36,7.11021,0.703796
5384.3,7.07915,0.70202
5395.24,7.04823,0.700259
5406.19,7.01744,0.698513
5417.13,6.98679,0.696783
5428.08,6.95627,0.695067
5439.02,6.92589,0.693367
5449.96,6.89564,0.691682
5460.91,6.86552,0.690011
5471.85,6.83553,0.688354
5482.79,6.80567,0.686713
5493.74,6.77595,0.685085
5504.68,6.74635,0.683472
5515.62,6.71688,0.681872
5526.57,6.68754,0.680287
5537.51,6.65833,0.678716
5548.46,6.62925,0.677158
5559.4,6.60029,0.675614
5570.34,6.57146,0.674083
5581.29,6.54276,0.672565
5592.23,6.51418,0.671061
5603.17,6.48573,0.66957
5614.12,6.4574,0.668092
5625.06,6.42919,0.666627
5636.01,6.40111,0.665174
5646.95,6.37315,0.663734
5657.89,6.34531,0.662307
5668.84,6.3176,0.660892
5679.78,6.29,0.65949
5690.72,6.26253,0.6581
5701.67,6.23518,0.656722
5712.61,6.20794,0.655356
5723.56,6.18083,0.654001
5734.5,6.15383,0.652659
5745.44,6.12695,0.651328
5756.39,6.10019,0.650009
5767.33,6.07354,0.648702
5778.27,6.04701,0.647405
5789.22,6.0206,0.646121
5800.16,5.9943,0.644847
5811.1,5.96812,0.643584
5822.05,5.94205,0.642333
5832.99,5.9161,0.641092
5843.94,5.89026,0.639862
5854.88,5.86453,0.638643
5865.82,5.83891,0.637434
5876.77,5.81341,0.636236
5887.71,5.78802,0.635049
5898.65,5.76273,0.633872
5909.6,5.73756,0.632705
5920.54,5.7125,0.631548
5931.49,5.68755,0.630401
5942.43,5.66271,0.629265
5953.37,5.63797,0.628138
5964.32,5.61335,0.627021
5975.26,5.58883,0.625914
5986.2,5.56442,0.624816
5997.15,5.54011,0.623728
6008.09,5.51591,0.62265
6019.04,5.49182,0.621581
6029.98,5.46783,0.620521
6040.92,5.44395,0.61947
6051.87,5.42017,0.618429
6062.81,5.3965,0.617397
6073.75,5.37293,0.616373
6084.7,5.34946,0.615359
6095.64,5.32609,0.614353
6106.58,5.30283,0.613357
6117.53,5.27966,0.612368
6128.47,5.2566,0.611389
6139.42,5.23364,0.610418
6150.36,5.21078,0.609455
6161.3,5.18802,0.608501
6172.25,5.16536,0.607556
6183.19,5.1428,0.606618
6194.13,5.12034,0.605689
6205.08,5.09797,0.604767
6216.02,5.0757,0.603854
6226.97,5.05353,0.602949
6237.91,5.03146,0.602052
6248.85,5.00948,0.601162
6259.8,4.9876,0.60028
6270.74,4.96582,0.599406
6281.68,4.94413,0.59854
6292.63,4.92253,0.597681
6303.57,4.90103,0.596829
6314.51,4.87962,0.595985
6325.46,4.85831,0.595148
6336.4,4.83709,0.594319
6347.35,4.81596,0.593497
6358.29,4.79492,0.592682
6369.23,4.77398,0.591874
6380.18,4.75313,0.591073
6391.12,4.73237,0.590279
6402.06,4.7117,0.589492
6413.01,4.69112,0.588712
6423.95,4.67063,0.587939
6434.9,4.65023,0.587173
6445.84,4.62991,0.586413
6456.78,4.60969,0.585659
6467.73,4.58956,0.584913
6478.67,4.56951,0.584173
6489.61,4.54955,0.583439
6500.56,4.52968,0.582712
6511.5,4.50989,0.581991
6522.45,4.49019,0.581276
6533.39,4.47058,0.580567
6544.33,4.45105,0.579865
6555.28,4.43161,0.579169
6566.22,4.41225,0.578479
6577.16,4.39298,0.577795
6588.11,4.37379,0.577117
6599.05,4.35469,0.576444
6609.99,4.33567,0.575778
6620.94,4.31673,0.575118
6631.88,4.29788,0.574463
6642.83,4.2791,0.573814
6653.77,4.26041,0.57317
6664.71,4.2418,0.572533
6675.66,4.22328,0.5719
6686.6,4.20483,0.571274
6697.54,4.18646,0.570652
6708.49,4.16818,0.570036
6719.43,4.14997,0.569426
6730.38,4.13184,0.568821
6741.32,4.1138,0.568221
6752.26,4.09583,0.567626
6763.21,4.07794,0.567037
6774.15,4.06012,0.566452
6785.09,4.04239,0.565873
6796.04,4.02473,0.565299
6806.98,4.00715,0.56473
6817.93,3.98965,0.564165
6828.87,3.97222,0.563606
6839.81,3.95487,0.563052
6850.76,3.9376,0.562502
6861.7,3.9204,0.561957
6872.64,3.90328,0.561417
6883.59,3.88623,0.560882
6894.53,3.86925,0.560351
6905.47,3.85235,0.559825
6916.42,3.83553,0.559304
6927.36,3.81877,0.558787
6938.31,3.80209,0.558274
6949.25,3.78549,0.557766
6960.19,3.76895,0.557263
6971.14,3.75249,0.556764
6982.08,3.7361,0.556269
6993.02,3.71978,0.555778
7003.97,3.70353,0.555292
7014.91,3.68735,0.55481
7025.86,3.67125,0.554332
7036.8,3.65521,0.553859
7047.74,3.63925,0.553389
7058.69,3.62335,0.552924
7069.63,3.60752,0.552463
7080.57,3.59177,0.552005
7091.52,3.57608,0.551552
7102.46,3.56046,0.551103
7113.41,3.54491,0.550657
7124.35,3.52942,0.550216
7135.29,3.51401,0.549778
7146.24,3.49866,0.549344
7157.18,3.48338,0.548914
7168.12,3.46816,0.548488
7179.07,3.45301,0.548065
7190.01,3.43793,0.547646
7200.95,3.42291,0.547231
7211.9,3.40796,0.546819
7222.84,3.39308,0.546411
7233.79,3.37826,0.546006
7244.73,3.3635,0.545605
7255.67,3.34881,0.545208
7266.62,3.33418,0.544814
7277.56,3.31962,0.544423
7288.5,3.30512,0.544036
7299.45,3.29068,0.543652
7310.39,3.27631,0.543271
7321.34,3.262,0.542894
7332.28,3.24775,0.54252
7343.22,3.23356,0.54215
7354.17,3.21944,0.541782
7365.11,3.20538,0.541418
7376.05,3.19138,0.541057
7387,3.17744,0.540699
7397.94,3.16356,0.540344
7408.88,3.14974,0.539993
7419.83,3.13598,0.539644
7430.77,3.12228,0.539299
7441.72,3.10865,0.538956
7452.66,3.09507,0.538616
7463.6,3.08155,0.53828
7474.55,3.06809,0.537946
7485.49,3.05469,0.537615
7496.43,3.04135,0.537287
7507.38,3.02806,0.536962
7518.32,3.01484,0.53664
7529.27,3.00167,0.536321
7540.21,2.98856,0.536004
7551.15,2.9755,0.53569
7562.1,2.9625,0.535379
7573.04,2.94957,0.535071
7583.98,2.93668,0.534765
7594.93,2.92385,0.534462
7605.87,2.91108,0.534162
7616.82,2.89837,0.533864
7627.76,2.88571,0.533569
7638.7,2.8731,0.533276
7649.65,2.86055,0.532986
7660.59,2.84806,0.532699
7671.53,2.83562,0.532414
7682.48,2.82323,0.532131
7693.42,2.8109,0.531851
7704.36,2.79862,0.531573
7715.31,2.7864,0.531298
7726.25,2.77423,0.531025
7737.2,2.76211,0.530755
7748.14,2.75005,0.530487
7759.08,2.73804,0.530221
7770.03,2.72608,0.529958
7780.97,2.71417,0.529696
7791.91,2.70231,0.529438
7802.86,2.69051,0.529181
7813.8,2.67876,0.528927
7824.75,2.66706,0.528675
7835.69,2.65541,0.528425
7846.63,2.64381,0.528177
7857.58,2.63226,0.527931
7868.52,2.62076,0.527688
7879.46,2.60932,0.527446
7890.41,2.59792,0.527207
7901.35,2.58657,0.52697
7912.3,2.57527,0.526735
7923.24,2.56403,0.526502
7934.18,2.55283,0.526271
7945.13,2.54168,0.526042
7956.07,2.53057,0.525815
7967.01,2.51952,0.52559
7977.96,2.50851,0.525367
7988.9,2.49756,0.525146
7999.84,2.48665,0.524926
8010.79,2.47579,0.524709
8021.73,2.46497,0.524494
8032.68,2.45421,0.52428
8043.62,2.44349,0.524069
8054.56,2.43281,0.523859
8065.51,2.42219,0.523651
8076.45,2.41161,0.523445
8087.39,2.40107,0.52324
8098.34,2.39059,0.523038
8109.28,2.38014,0.522837
8120.23,2.36975,0.522638
8131.17,2.3594,0.522441
8142.11,2.34909,0.522245
8153.06,2.33883,0.522051
8164,2.32862,0.521859
8174.94,2.31844,0.521668
8185.89,2.30832,0.521479
8196.83,2.29823,0.521292
8207.78,2.2882,0.521107
8218.72,2.2782,0.520923
8229.66,2.26825,0.52074
8240.61,2.25834,0.520559
8251.55,2.24848,0.52038
8262.49,2.23866,0.520203
8273.44,2.22888,0.520026
8284.38,2.21914,0.519852
8295.32,2.20945,0.519679
8306.27,2.1998,0.519507
8317.21,2.19019,0.519337
8328.16,2.18063,0.519169
8339.1,2.1711,0.519002
8350.04,2.16162,0.518836
8360.99,2.15218,0.518672
8371.93,2.14277,0.518509
8382.87,2.13342,0.518348
8393.82,2.1241,0.518188
8404.76,2.11482,0.518029
8415.71,2.10558,0.517872
8426.65,2.09638,0.517716
8437.59,2.08723,0.517562
8448.54,2.07811,0.517409
8459.48,2.06903,0.517257
8470.42,2.06,0.517107
8481.37,2.051,0.516958
8492.31,2.04204,0.51681
8503.25,2.03312,0.516663
8514.2,2.02424,0.516518
8525.14,2.0154,0.516374
8536.09,2.0066,0.516231
8547.03,1.99783,0.51609
8557.97,1.9891,0.515949
8568.92,1.98042,0.51581
8579.86,1.97177,0.515673
8590.8,1.96315,0.515536
8601.75,1.95458,0.515401
8612.69,1.94604,0.515266
8623.64,1.93754,0.515133
8634.58,1.92908,0.515001
8645.52,1.92065,0.514871
8656.47,1.91226,0.514741
8667.41,1.90391,0.514612
8678.35,1.89559,0.514485
8689.3,1.88731,0.514359
8700.24,1.87907,0.514234
8711.19,1.87086,0.51411
8722.13,1.86269,0.513987
8733.07,1.85456,0.513865
8744.02,1.84645,0.513744
8754.96,1.83839,0.513624
8765.9,1.83036,0.513505
8776.85,1.82236,0.513388
8787.79,1.8144,0.513271
8798.73,1.80648,0.513155
8809.68,1.79859,0.513041
8820.62,1.79073,0.512927
8831.57,1.78291,0.512814
8842.51,1.77512,0.512702
8853.45,1.76737,0.512592
8864.4,1.75965,0.512482
8875.34,1.75196,0.512373
8886.28,1.74431,0.512265
8897.23,1.73669,0.512158
8908.17,1.72911,0.512052
8919.12,1.72155,0.511947
8930.06,1.71403,0.511843
8941,1.70655,0.51174
8951.95,1.69909,0.511638
8962.89,1.69167,0.511536
8973.83,1.68428,0.511436
8984.78,1.67693,0.511336
8995.72,1.6696,0.511237
9006.67,1.66231,0.511139
9017.61,1.65505,0.511042
9028.55,1.64782,0.510946
9039.5,1.64062,0.51085
9050.44,1.63346,0.510756
9061.38,1.62632,0.510662
9072.33,1.61922,0.510569
9083.27,1.61214,0.510477
9094.21,1.6051,0.510386
9105.16,1.59809,0.510295
9116.1,1.59111,0.510205
9127.05,1.58416,0.510117
9137.99,1.57724,0.510028
9148.93,1.57035,0.509941
9159.88,1.56349,0.509854
9170.82,1.55666,0.509768
9181.76,1.54987,0.509683
9192.71,1.5431,0.509599
9203.65,1.53636,0.509515
9214.6,1.52965,0.509432
9225.54,1.52296,0.50935
9236.48,1.51631,0.509268
9247.43,1.50969,0.509188
9258.37,1.50309,0.509108
9269.31,1.49653,0.509028
9280.26,1.48999,0.50895
9291.2,1.48348,0.508872
9302.15,1.477,0.508794
9313.09,1.47055,0.508718
9324.03,1.46413,0.508642
9334.98,1.45773,0.508566
9345.92,1.45137,0.508492
9356.86,1.44503,0.508418
9367.81,1.43872,0.508344
9378.75,1.43243,0.508271
9389.69,1.42617,0.508199
9400.64,1.41995,0.508128
9411.58,1.41374,0.508057
9422.53,1.40757,0.507987
9433.47,1.40142,0.507917
9444.41,1.3953,0.507848
9455.36,1.3892,0.50778
9466.3,1.38314,0.507712
9477.24,1.37709,0.507645
9488.19,1.37108,0.507578
9499.13,1.36509,0.507512
9510.08,1.35913,0.507447
9521.02,1.35319,0.507382
9531.96,1.34728,0.507317
9542.91,1.3414,0.507253
9553.85,1.33554,0.50719
9564.79,1.3297,0.507128
9575.74,1.3239,0.507065
9586.68,1.31811,0.507004
9597.62,1.31236,0.506943
9608.57,1.30662,0.506882
9619.51,1.30092,0.506822
9630.46,1.29523,0.506763
9641.4,1.28958,0.506704
9652.34,1.28394,0.506645
9663.29,1.27834,0.506588
9674.23,1.27275,0.50653
9685.17,1.26719,0.506473
9696.12,1.26166,0.506417
9707.06,1.25615,0.506361
9718.01,1.25066,0.506305
9728.95,1.2452,0.50625
9739.89,1.23976,0.506196
9750.84,1.23434,0.506142
9761.78,1.22895,0.506088
9772.72,1.22358,0.506035
9783.67,1.21824,0.505983
9794.61,1.21292,0.505931
9805.56,1.20762,0.505879
9816.5,1.20235,0.505828
9827.44,1.19709,0.505777
9838.39,1.19187,0.505726
9849.33,1.18666,0.505677
9860.27,1.18148,0.505627
9871.22,1.17632,0.505578
9882.16,1.17118,0.505529
9893.1,1.16606,0.505481
9904.05,1.16097,0.505433
9914.99,1.1559,0.505386
9925.94,1.15085,0.505339
9936.88,1.14582,0.505293
9947.82,1.14082,0.505246
9958.77,1.13583,0.505201
9969.71,1.13087,0.505155
9980.65,1.12593,0.50511
9991.6,1.12102,0.505066
10002.5,1.11612,0.505022
10013.5,1.11124,0.504978
10024.4,1.10639,0.504935
10035.4,1.10156,0.504892
10046.3,1.09675,0.504849
10057.3,1.09196,0.504807
10068.2,1.08719,0.504765
10079.1,1.08244,0.504723
10090.1,1.07771,0.504682
10101,1.073,0.504641
10112,1.06831,0.504601
10122.9,1.06365,0.504561
10133.9,1.059,0.504521
10144.8,1.05438,0.504481
10155.8,1.04977,0.504442
10166.7,1.04519,0.504404
10177.6,1.04062,0.504365
10188.6,1.03608,0.504327
10199.5,1.03155,0.50429
10210.5,1.02704,0.504252
10221.4,1.02256,0.504215
10232.4,1.01809,0.504178
10243.3,1.01364,0.504142
10254.2,1.00922,0.504106
10265.2,1.00481,0.50407
10276.1,1.00042,0.504035
10287.1,0.99605,0.503999
10298,0.9917,0.503965
10309,0.987368,0.50393
10319.9,0.983055,0.503896
10330.9,0.978762,0.503862
10341.8,0.974486,0.503828
10352.7,0.97023,0.503795
10363.7,0.965992,0.503762
10374.6,0.961773,0.503729
10385.6,0.957572,0.503696
10396.5,0.953389,0.503664
10407.5,0.949225,0.503632
10418.4,0.945079,0.503601
10429.3,0.940951,0.503569
10440.3,0.936841,0.503538
10451.2,0.932749,0.503507
10462.2,0.928674,0.503477
10473.1,0.924618,0.503446
10484.1,0.920579,0.503416
10495,0.916558,0.503387
10506,0.912555,0.503357
10516.9,0.908569,0.503328
10527.8,0.9046,0.503299
10538.8,0.900649,0.50327
10549.7,0.896715,0.503241
10560.7,0.892799,0.503213
10571.6,0.888899,0.503185
10582.6,0.885016,0.503157
10593.5,0.881151,0.50313
10604.4,0.877302,0.503103
10615.4,0.87347,0.503076
10626.3,0.869655,0.503049
10637.3,0.865856,0.503022
10648.2,0.862074,0.502996
10659.2,0.858309,0.50297
10670.1,0.85456,0.502944
10681.1,0.850827,0.502918
10692,0.847111,0.502893
10702.9,0.84341,0.502868
10713.9,0.839726,0.502843
10724.8,0.836059,0.502818
10735.8,0.832407,0.502793
10746.7,0.828771,0.502769
10757.7,0.825151,0.502745
10768.6,0.821547,0.502721
10779.5,0.817958,0.502697
10790.5,0.814386,0.502674
10801.4,0.810828,0.50265
10812.4,0.807287,0.502627
10823.3,0.803761,0.502604
10834.3,0.80025,0.502582
10845.2,0.796754,0.502559
10856.2,0.793274,0.502537
10867.1,0.789809,0.502515
10878,0.786359,0.502493
10889,0.782925,0.502471
10899.9,0.779505,0.502449
10910.9,0.7761,0.502428
10921.8,0.77271,0.502407
10932.8,0.769335,0.502386
